AGRIÃO 100,0 28,00 2,80 3,30 0,40 117,00 1,90 44,00 370,00 IBGE
COL S CH PICADO 7,0 1,96 0,20 0,23 0,03 8,19 013 3,08 25,90
PIRES CH PICADO 10,0 2,80 0,28 0,33 0,04 11,70 0,19 4,40 37,00
PT R CH PICADO 80,0 22,40 2,24 2,64 0,32 93,60 1,52 35,20 296,00
PT SOB CH PICADO 20,0 5,60 0,56 0,66 0,08 23,40 0,38 8,80 74,00
RAMO M 5,0 1,40 0,14 0,17 0,02 5,85 0,10 2,20 18,50

ACELGA 100,0 33,00 1,80 5,60 0,40 110,00 3,60 34,00 292,00 IBGE
COL A CH PICADA 10,0 3,30 0,18 0,56 0,04 11,00 0,36 3,40 29,20
COLS CH PICADA 6,0 1,98 0,11 0,34 0,02 6,60 0,22 2,04 17,52
FOLHA G 20,0 6,60 0,36 1,12 0,08 22,00 0,72 6,80 58,40
FOLHA M 10,0 3,50 0,18 0,56 0,04 11,00 0,36 3,40 29,20
FOLHA P 3,0 0,99 0,05 0,17 0,01 3,30 0,11 1,02 8,76
PT R R PICADA 60,0 19,80 1,08 3,36 0,24 66,00 2,16 2040 175,20

ABÓBORA COZIDA 100,0 70,00 1,80 14,70 DÁS 20,53 1,05 63,00 525,00 *
COL S CH PICADA 36,0 25,20 0,65 5,29 0,16 7,39 0,38 22,68 189,00
COL S R PICADA 160 1120 0,29 235 007 328 017 10,08 84,00
ESC M CH PICADA 100,0 70,00 1,80 14,70 0,45 20,53 1,05 63,00 525,00
ESC M R PICADA 70,0 49,00 1,26 10,29 0,32 14,37 0,74 44,10 367,50
PED M 50,0 35,00 0,90 7,35 0,23 10,27 / 0,53 31,50 262,50
PED P 30,0 21,00 0,54 4,41 0,14 6,16 0,32 18,90 157,50

ABÓBORA REFOGADA 100,0 117,00 1,87 15,18 5,46 22,03 1,10 63,50 525,10 *
COL S CH PICADA 300 3510 0,56 455 164 661 033 1905 157,53
COL S R PICADA 20,0 23,40 0,37 3,04 1,09 4,41 0,22 12,70 105,02
ESC M CH PICADA 105,0 122,85 1,96 15,94 5,73 23,13 1,16 66,68 551,36
ESC M R PICADA 70,0 81,90 1,31 10,63 3,82 1542 0,77 44,45 367,57

ABOBRINHA COZIDA 100,0 56,00 2,00 1100 0,40 40,53 1,20 36,00 10,00 '
COL A CH PICADA 70,0 39,20 1,40 7,70 0,28 28,37 0,84 26,60 7,00
COL A R PICADA 35,0 19,60 0,70 3,85 0,14 14,19 0,42 13,30 3,50
COLS CH PICADA 30,0 16,80 0,60 3,30 09,12 12,16 0,36 11,40 3,00
COLS R PICADA 20,0 11,20 0,40 2,20 0,08 8,11 0,24 7,60 2,00
ESC M CH PICADA 90,0 50,40 1,80 9,90 0,36 36,48 1,08 34,20 9,00
ESC M R PICADA 40,0 22,40 0,80 4,40 0,16 16,21 0,48 15,20 4,00

ABOBRINHA REFOGADA 100,0 10300 2,07 1148 Sá4l 4203 125 38,50 10,10 '
COL A CH PICADA 70,0 72,10 1,45 8,04 3,79 29,42 0,88 26,95 7,07
COL A R PICADA 35,0 36,05 0,72 4,02 1,89 14,71 0,44 13,48 3,54
COLS CH PICADA 30,0 30,90 0,62 3,4Á 1,62 12,61 0,38 11,55 3,03
COLS R PICADA 20,0 20,60 0,41 2,30 1,08 8,41 0,25 7,70 2,02
ESCM CH PICADA 90,0 92,70 1,86 10,33 4,87 37,83 1,13 34,65 9,09
ESC M R PICADA 40,0 41,20 0,83 4,59 2,16 16,81 0,50 15,40 4,04


ARROZ A GREGA 100,0 140,00 2,03 26,50 2,86 16,50 LOl 9,45 289,90 
COL A CH 45,0 63,00 091 1193 129 743 045 4,5 130,46
COLAR 30,0 4200 061 7,95 086 495 0,30 284 86,97 |
COLS CH 25,0 35,00 051 663 072 413 025 236 7247
COLSR 150 21,00 0,30 3,98 043 248 015 142 43648
ESC M CH 85,0 119,00 1,73 2253 243 14,03 0,86 8,03 246,42
ESCMR 60,0 84,00 1,22 15,00 1,772 9,90 061 5,67 173%

ARROZ COZIDO 100,0 164,00 2,30 3230 2,90 3,00 0,80 = — IBGE
CO M 60,0) 9840 1,38 19,38 1/74 180 048 — —
CO M CH 100,0 164,00 2,30 3230 2,90 3,00 0,80 — —
COL A CH 45,0 7380 LO4 1454 1,31 1,35 0,36 - -
COLAR 30,0 49,20 0,69 969 087 0,90 0,24 ” -
COLS CH 250 4100 058 807 073 0,75 0,20 = —
COLSR 150 2460 035 485 043 045 012 — —
EMCH 85,0 139,40 1,96 27,46 2,47 2,55 0,68 —
ESCMR 60,0 98,40 1,38 19,38 1,74 1,80 0,48 — —
PT FCH 200,0 328,00 4,60 64,60 5,80 6,00 1,60 — —
PTFR 100,0 164,00 2,30 32,30 2,90 3,00 0,80 — —

ARROZ-DOCE 100,0 164,00 3,76 33,04 1,84 7340 0,36 0,58 19,10 *
CO M CH 140,0 229,60 5,26 46,26 2,58 102,76 0,50 0,81 26,74
COL A CH 90,0 147,60 3,38 29,74 1,66 66,06 0,32 0,52 17,19
COLAR 50,0 82,00 1,88 16,52 0,92 36,70 0,18 0,29 9,55
COLS CH 40,0 65,60 1,50 13,22 0,74 29,36 0,14 0,23 7,64
COLSR 25,0 41,00 0,94 8,26 0,46 “Th35 0,09 0,15 4,78
COL SOB CH 30,0 49,20 1,13 9,91 0,55 22,02 011 0,17 5,73
COL SOBR 15,0 24,60 0,56 4,96 0,28 11,01. 0,05 0,09 2,87
PIRES 120,0 196,80 4,51 39,65 2,21 88,08 0,43 0,70 22,92
PTR 400,0 656,00 15,04 13216 7,36 29360 144 232 7640
PT SOB 280,0 459,20 10,53 92,51 5,15 205,52 1,01 1,62 53,48

ARROZ INTEGRAL COZIDO 100,0 257,00 486 45,96 5,96 15/73 1,20 — — :
1/2 COM 42,00 107,94 2,04 19,30 2,50 6,61 0,50 — —
CO M CH 117,0 300,69 5,69 53/77 697 1840 1,40 — —
COL A CH 63,0 161,91 3,06 28,95 3,75 9,91 0,76 — —
COLAR 43,0 110,51 2,09 19,76 2,56 6,76 0,52 — —
COL S CH 20,0 51,40 0,97 9,19 1,19 3,15 0,24 — —
COLSR 12,0 30,84 0,58 5,52 0,72 1,89 0,14 — —
ESC M CH 59,0 15163 287 2712 3,52 9,28. 0/71 — —
ESCMR 31,0 79,67 1,51 14,25 1,85 4,88 0,37 — —

